0 [27] 111111111111111111111111111

1 [27] 1000E100C100000000000000001

2 [27] 100010001100000000000000001

3 [27] 100000000000001000000000001

4 [27] 1000000001000C0000000000001

5 [27] 10000000010000010000P000001

6 [27] 100000010000010000C00000001

7 [27] 111111111111111111111111111

Map is valid



0 [27] 111111111111111111111111111

1 [27] 1000E100C100000000000000001

2 [27] 100010001100000000000000001

3 [27] 100000000000001000000000001

4 [27] 1000000001000C0000000000001

5 [27] 10000000010000010000P000001

6 [27] 100000010000010000C00000001

7 [26] 111111111111111111111111111
Error
Map is not a rectangle